300
945
586
678
324
317
528
518
395
235
86
948
10
668
95
270
520
956
603
325
798
447
797
619
276
769
393
902
564
731
839
661
600
661
207
635
552
807
876
722
63
637
927
990
690
77
545
30
633
652
417
122
365
388
631
523
356
681
545
166
958
187
370
266
477
124
65
499
413
938
841
561
250
844
173
218
870
451
120
648
271
394
762
296
164
330
3
115
278
907
486
910
280
811
811
428
331
559
313
675
293
188
270
467
322
921
970
749
140
581
276
703
608
342
961
939
273
422
270
4
350
838
302
687
809
197
494
80
621
375
977
66
90
370
149
234
976
374
876
131
121
644
704
28
323
263
363
191
272
781
